9255381314
7996148808
8345257866
1825237303
2327807549
6094809680
8655368394
1107510351
3878815277
1209169091
4807666137
4345528414
2211132701
4071840432
8337382289
6062908310
7418702267
7193388992
6262695387
6435642882
8011331003
8207897790
9027390098
1291924058
1958366021
9678159496
7416569005
4081755582
8515723909
9067965398
6460076132
6116113701
6498256379
7921382385
3692871069
9433379201
8402118919
9119778502
4278537773
2617665340
8058715809
3685465148
7872538939
7059139072
6541206602
8612933136
2882830107
3222846676
2315234362
1254931555
8482722550
7390631639
8721522336
2831155603
7368693983
4803496580
9314246107
9698249783
5240820613
